-0.2 0.0 -0.2 -0.2 -0.2 
0.0 -0.2 0.161856 -0.2 -0.185855429727 
-0.436954701347 -0.169245421091 -0.41632 -0.488 -0.44768 
-0.0476019177754 -0.2 -0.232 -0.2 -0.20930376022 
-0.2 -0.29025882325 -0.21393741824 -0.2 -0.359185576263 
0.184448731781 -0.488 -0.488 -0.488 -0.228757112432 
-0.488 -0.5079296 -0.51232 -0.488 -0.488252457415 
0.3344 0.32292771988 -0.04 -0.2 -0.198448362032 
0.535829984586 0.82323903147 -0.2 -0.2 0.0 
-0.40072339669 -0.112970324404 -0.322924007786 -0.3856 -0.397693111444 
0.0 0.0 0.0 0.0 0.0 
-0.211046567936 0.0547207910641 -0.232 -0.3344 -0.160736252826 
0.0 0.0 0.0 0.0 0.0 
-0.305703366528 -0.2 -0.2 -0.218986198323 -0.2 
-0.2 -0.00631667759001 0.0150696674727 -0.156 -0.2 
-0.3344 0.412993021306 -0.36 -0.36 -0.294332465939 
0.0 0.0 0.0 0.0 0.0 
-0.2 0.0 0.686096783329 0.0 0.0 
0.0 0.0 0.0 0.0 0.0 
0.0 0.0 0.343695427351 -0.04 -0.11496944 
0.0 0.0 0.0 0.718999005527 0.0 
0.0 0.0 0.0 0.0 0.0 
0.0 0.0 0.0 0.0 0.0 
-0.0833741824 -0.0811439273406 -0.2 0.871932218916 -0.2 
0.0 0.0 0.0 0.0 0.0 
0.0 0.0 0.0 0.0 0.0 
0.2 0.0 0.0 0.0 0.0 
-0.232 -0.232 0.310843033842 -0.36 -0.342155153177 
0.0 0.0 0.0 0.0 0.0 
0.0 0.0 0.0 0.546624 0.0 
0.0 0.0 0.0 0.0 0.0 
-0.36 -0.36 -0.2655872 -0.232 -0.334066645745 
0.0 0.0 0.0 0.0 0.0 
0.0 0.0 0.0 0.0 0.0 
0.0 0.0 -0.056 0.6377960448 0.0 
-0.22765824 -0.255984779791 0.04 -0.36 -0.231393096066 
0.0 0.0 0.0 0.0 0.0 
0.0 0.0 0.0 0.0 0.0 
0.0 0.0 0.0 0.0 0.0 
-0.36 0.0861092492799 -0.344 -0.368120972083 -0.344 
0.0 0.0 0.0 0.0 0.0 
0.0 0.0 -0.04 0.6084992 -0.159614252528 
0.0 0.0 0.0 0.0 0.0 
0.0 0.0 -0.04768 0.0 0.0 
0.0 0.0 0.0 0.0 0.0 
0.0 0.0 0.0 0.0 0.0 
0.0 0.0 0.0 0.0 0.0 
-0.50848 -0.439264610562 0.065531557888 -0.452227212778 -0.488778459594 
0.0 0.0 0.0 0.73125632 0.0 
0.0 0.0 0.0 0.0 0.0 
0.0 0.0 0.0 0.0 0.0 
0.0 0.0 0.0 0.2 0.0 
0.0 0.0 0.0 0.0 0.0 
0.0 0.0 0.0 0.635457024 0.0 
0.0 0.0 0.0 0.0 0.0 
0.11047806512 -0.2 -0.2 0.110170039962 -0.167057418865 
0.0 0.0 0.0 0.0 0.0 
0.0 0.0 0.0 0.0 0.0 
0.0 0.0 0.0 0.0 0.0 
-0.36 -0.2 0.595146845541 -0.344 -0.2 
0.0 0.0 0.0 0.0 0.0 
0.0 0.0 0.0 0.0 0.0 
0.2 -0.2 -0.3472 0.4637056 -0.261411854993 
-0.04 0.361654596403 0.0 -0.04 -0.192463794084 
0.0 0.0 0.0 0.0 0.0 
0.2 0.0 0.0 0.0 -0.04 
0.0 0.0 0.0 0.0 0.0 
0.0 0.0 0.488 0.0 0.0 
0.0 0.0 0.0 0.0 0.0 
0.0 0.0 0.0 0.0 0.085999373397 
0.0 0.0 0.0 0.0 0.0 
0.0329632 -0.04 -0.15264 -0.2 -0.2 
0.0 0.0 0.0 0.0 0.0 
0.0 0.0 0.0 0.0 0.0 
0.0 0.0 0.0 0.0 0.0 
0.0 0.2 0.0 -0.04 -0.170351676978 
-0.2 -0.36 -0.2 -0.16 -0.2 
0.2 0.0 0.0 0.0 -0.08336 
0.0 0.0 0.0 0.0 0.0 
0.874152470938 0.0 0.0 -0.2 0.564653693725 
0.0 0.0 0.0 0.0 0.0 
0.0 0.0 0.0 0.0 0.0 
0.0 0.0 0.0 0.0 0.0 
-0.2 -0.34857216 -0.2 -0.1857152 -0.36 
0.0 0.0 0.0 0.0 0.0 
0.0 0.0 0.0 0.0 0.0 
0.0 0.0 0.0 0.0 0.0 
0.47848448 -0.36 -0.36 -0.36 0.279183649864 
0.0 0.0 0.0 0.0 0.0 
0.0 0.2 -0.055872 0.0 0.0 
0.0 0.0 0.0 0.0 -0.1816704 
0.0 0.91410065408 0.0 -0.2 -0.2 
0.0 0.0 0.0 0.0 0.0 
0.0 0.0 0.0 0.0 0.0 
0.0 0.0 0.0 0.0 0.0 
-0.2 -0.21152 0.104981024768 -0.25641216 -0.200007535822 
0.0 0.0 0.0 0.0 0.0 
-0.2 0.028609728512 0.0 0.36 -0.2 
0.0 0.0 0.0 0.0 0.0 
0.0 0.3856 0.0 -0.3344 -0.232414913921 
0.0 0.0 0.0 0.0 0.0 
0.0 0.0 0.0 0.4592 0.0 
0.0 0.0 0.0 0.0 0.0 
0.0 0.0 0.0 0.931280523264 0.235815850803 
-0.2 -0.184 0.0 0.0 0.2 
0.0 0.0 0.0 0.0 0.0 
0.0 0.0 0.0 0.0 0.0 
0.162 -0.1856 0.0 0.0 0.2 
0.0 0.0 0.0 0.0 0.0 
0.0 0.0 0.0 0.0 0.0 
0.0 0.0 0.0 0.0 0.0 
0.185142784 -0.18144 -0.2 0.0 -0.04 
0.0 0.0 0.0 0.0 0.0 
0.0 0.0 0.0 0.0 0.0 
0.0 0.0 0.0 0.0 0.0 
0.0 0.0 0.0 0.0 0.0 
0.0 0.0 0.0 0.0 0.0 
0.0 0.0 0.0 0.0 0.0 
0.0 -0.2 0.0 0.0 0.0 
0.0 0.0 0.0 0.344 -0.04 
0.0 0.0 0.0 0.0 0.0 
0.0 0.0 0.0 0.0 0.0 
0.0 0.0 0.0 0.0 0.0 
0.0 0.0 0.0 0.0 0.0 
0.0 0.0 0.0 0.0 0.0 
0.0 0.0 0.0 0.0 0.2 
0.0 0.0 0.0 0.0 0.0 
0.343102262477 0.0 0.0 0.0 0.0 
0.0 0.0 0.0 0.0 0.0 
0.0 0.0 0.0 0.0 0.0 
0.0 0.0 0.0 0.0 0.0 
0.0 0.0 0.0 0.0 0.0 
0.0 0.0 0.0 0.0 0.0 
0.0 0.0 0.0 0.0 0.0 
0.0 0.0 0.0 0.0 0.0 
0.2 0.0 0.0 0.0 0.0 
0.0 0.0 0.0 0.0 0.0 
0.0 0.0 0.0 0.0 0.0 
0.0 0.0 0.0 0.0 0.0 
0.0 0.0 0.0 0.0 0.0 
0.0 0.0 0.0 0.0 0.0 
0.0 0.0 0.0 0.0 0.0 
0.0 0.0 0.0 0.0 0.0 
0.16 0.0 0.0 0.0 0.0 
0.0 0.0 0.0 0.0 0.0 
0.0 0.0 0.0 0.0 0.0 
0.0 0.0 0.0 0.0 0.0 
0.0 0.0 0.0 0.0 0.0 
0.0 0.0 0.0 0.0 0.0 
0.0 0.0 0.0 0.0 0.0 
0.0 0.0 0.0 0.0 0.0 
0.0 -0.2 0.0 0.2 0.0 
0.0 0.0 0.0 0.0 0.0 
0.0 0.0 0.0 0.0 0.0 
0.0 0.0 0.0 0.0 0.0 
0.0 0.0 0.0 0.0 0.0 
0.0 0.0 0.0 0.0 0.0 
0.0 0.0 0.0 0.0 0.0 
0.0 0.0 0.0 0.0 0.0 
0.0 0.0 0.0 0.2 0.0 
0.0 0.0 0.0 0.0 0.0 
0.0 0.0 0.0 0.0 0.0 
0.0 0.0 0.0 0.0 0.0 
0.0 0.0 0.0 0.0 0.0 
0.0 0.0 0.0 0.0 0.0 
0.0 0.0 0.0 0.0 0.0 
0.0 0.0 0.0 0.0 0.0 
0.36 0.0 -0.2 0.0 0.0 
0.0 0.0 0.0 0.0 0.0 
0.0 0.0 0.0 0.0 0.0 
0.0 0.0 0.0 0.0 0.0 
0.0 0.0 0.0 0.0 0.0 
0.0 0.0 0.0 0.0 0.0 
0.0 0.0 0.0 0.0 0.0 
0.0 0.0 0.0 0.0 0.0 
0.0 0.0 0.0 0.0 0.0 
0.0 0.0 0.0 0.0 0.0 
0.0 0.0 0.0 0.0 0.0 
0.0 0.0 0.0 0.0 0.0 
0.0 0.0 0.0 0.0 0.0 
0.0 0.0 0.0 0.0 0.0 
0.0 0.0 0.0 0.0 0.0 
0.0 0.0 0.0 0.0 0.0 
0.0 0.0 0.0 0.0 0.0 
0.0 0.0 0.0 0.0 0.0 
